2
28
28
0
0
0
0
0
0
0
0
0
0
0
0
0
0
0
0
0
0
0
0
0
0
0
0
0
0
0
0
0
0
0
0
0
0
0
0
0
0
0
0
0
0
0
0
0
0
0
0
0
0
0
0
0
0
0
0
0
0
0
0
0
0
0
0
0
0
0
0
0
0
0
0
0
0
0
0
0
0
0
0
0
0
0
0
0
0
0
0
0
0
0
0
0
0
0
0
0
0
0
0
0
0
0
0
0
0
0
0
0
0
0
0
0
0
0
0
0
0
0
0
0
0
0
0
0
0
0
0
0
0
0
0
0
0
0
0
0
0
0
0
0
0
0
0
0
0
0
0
0
0
0
0
0.0117647
0.0705882
0.0705882
0.0705882
0.494118
0.533333
0.686275
0.101961
0.65098
1
0.968627
0.498039
0
0
0
0
0
0
0
0
0
0
0
0
0.117647
0.141176
0.368627
0.603922
0.666667
0.992157
0.992157
0.992157
0.992157
0.992157
0.882353
0.67451
0.992157
0.94902
0.764706
0.25098
0
0
0
0
0
0
0
0
0
0
0
0.192157
0.933333
0.992157
0.992157
0.992157
0.992157
0.992157
0.992157
0.992157
0.992157
0.984314
0.364706
0.321569
0.321569
0.219608
0.152941
0
0
0
0
0
0
0
0
0
0
0
0
0.0705882
0.858824
0.992157
0.992157
0.992157
0.992157
0.992157
0.776471
0.713725
0.968627
0.945098
0
0
0
0
0
0
0
0
0
0
0
0
0
0
0
0
0
0
0.313725
0.611765
0.419608
0.992157
0.992157
0.803922
0.0431373
0
0.168627
0.603922
0
0
0
0
0
0
0
0
0
0
0
0
0
0
0
0
0
0
0
0.054902
0.00392157
0.603922
0.992157
0.352941
0
0
0
0
0
0
0
0
0
0
0
0
0
0
0
0
0
0
0
0
0
0
0
0
0
0.545098
0.992157
0.745098
0.00784314
0
0
0
0
0
0
0
0
0
0
0
0
0
0
0
0
0
0
0
0
0
0
0
0
0.0431373
0.745098
0.992157
0.27451
0
0
0
0
0
0
0
0
0
0
0
0
0
0
0
0
0
0
0
0
0
0
0
0
0
0.137255
0.945098
0.882353
0.627451
0.423529
0.00392157
0
0
0
0
0
0
0
0
0
0
0
0
0
0
0
0
0
0
0
0
0
0
0
0.317647
0.941176
0.992157
0.992157
0.466667
0.0980392
0
0
0
0
0
0
0
0
0
0
0
0
0
0
0
0
0
0
0
0
0
0
0
0.176471
0.729412
0.992157
0.992157
0.588235
0.105882
0
0
0
0
0
0
0
0
0
0
0
0
0
0
0
0
0
0
0
0
0
0
0
0.0627451
0.364706
0.988235
0.992157
0.733333
0
0
0
0
0
0
0
0
0
0
0
0
0
0
0
0
0
0
0
0
0
0
0
0
0
0.976471
0.992157
0.976471
0.25098
0
0
0
0
0
0
0
0
0
0
0
0
0
0
0
0
0
0
0
0
0
0.180392
0.509804
0.717647
0.992157
0.992157
0.811765
0.00784314
0
0
0
0
0
0
0
0
0
0
0
0
0
0
0
0
0
0
0
0.152941
0.580392
0.898039
0.992157
0.992157
0.992157
0.980392
0.713725
0
0
0
0
0
0
0
0
0
0
0
0
0
0
0
0
0
0
0.0941176
0.447059
0.866667
0.992157
0.992157
0.992157
0.992157
0.788235
0.305882
0
0
0
0
0
0
0
0
0
0
0
0
0
0
0
0
0
0.0901961
0.258824
0.835294
0.992157
0.992157
0.992157
0.992157
0.776471
0.317647
0.00784314
0
0
0
0
0
0
0
0
0
0
0
0
0
0
0
0
0.0705882
0.670588
0.858824
0.992157
0.992157
0.992157
0.992157
0.764706
0.313725
0.0352941
0
0
0
0
0
0
0
0
0
0
0
0
0
0
0
0
0.215686
0.67451
0.886275
0.992157
0.992157
0.992157
0.992157
0.956863
0.521569
0.0431373
0
0
0
0
0
0
0
0
0
0
0
0
0
0
0
0
0
0
0.533333
0.992157
0.992157
0.992157
0.831373
0.529412
0.517647
0.0627451
0
0
0
0
0
0
0
0
0
0
0
0
0
0
0
0
0
0
0
0
0
0
0
0
0
0
0
0
0
0
0
0
0
0
0
0
0
0
0
0
0
0
0
0
0
0
0
0
0
0
0
0
0
0
0
0
0
0
0
0
0
0
0
0
0
0
0
0
0
0
0
0
0
0
0
0
0
0
0
0
0
0
0
0
0
0
0
0
0
0
0
0
0
0
0
0
0
0
0
0
